# NACA0012 Re=4.00e+05 cf vs x/c (upper block, then lower)
# upper
0.000029 +3.815252e-03
0.000260 +6.967792e-03
0.000721 +1.016949e-02
0.001356 +1.188683e-02
0.002262 +1.238209e-02
0.003397 +1.248913e-02
0.004657 +1.259117e-02
0.006234 +1.252785e-02
0.008039 +1.245096e-02
0.009919 +1.238127e-02
0.012161 +1.153572e-02
0.014628 +1.019806e-02
0.017120 +8.890552e-03
0.020018 +8.719167e-03
0.023138 +7.798225e-03
0.026233 +8.250025e-03
0.029776 +8.120813e-03
0.033260 +7.907372e-03
0.037220 +7.907702e-03
0.041394 +7.599932e-03
0.045460 +7.545592e-03
0.050040 +7.443011e-03
0.054828 +7.297733e-03
0.059458 +7.011778e-03
0.064641 +6.772358e-03
0.070024 +6.507243e-03
0.075201 +6.206821e-03
0.080964 +5.879089e-03
0.086922 +5.530950e-03
0.092624 +5.215232e-03
0.098947 +4.891575e-03
0.105455 +4.857805e-03
0.111661 +6.174727e-03
0.118517 +7.650557e-03
0.125041 +8.161547e-03
0.132234 +8.217687e-03
0.139596 +8.221180e-03
0.146582 +8.092382e-03
0.154263 +8.000192e-03
0.162103 +7.749600e-03
0.169523 +7.632022e-03
0.177660 +7.445428e-03
0.185946 +7.292902e-03
0.193771 +7.166749e-03
0.202333 +7.002733e-03
0.211033 +6.892169e-03
0.219231 +6.817036e-03
0.228185 +6.750626e-03
0.237264 +6.700058e-03
0.245803 +6.686583e-03
0.255112 +6.546116e-03
0.263858 +6.536557e-03
0.273381 +6.646145e-03
0.283009 +6.145780e-03
0.292039 +6.549862e-03
0.301856 +6.833093e-03
0.311764 +6.504026e-03
0.321043 +6.162711e-03
0.331115 +6.042705e-03
0.341265 +5.869003e-03
0.350755 +5.705093e-03
0.361042 +5.535457e-03
0.371394 +5.393712e-03
0.381059 +5.228213e-03
0.391520 +5.036657e-03
0.402032 +4.903388e-03
0.411833 +4.781744e-03
0.422427 +4.678130e-03
0.432297 +4.541091e-03
0.442956 +4.383863e-03
0.453641 +4.275982e-03
0.463582 +4.184693e-03
0.474305 +4.086535e-03
0.485039 +3.993289e-03
0.495012 +3.899901e-03
0.505755 +3.811576e-03
0.516495 +3.745872e-03
0.526462 +3.667148e-03
0.537183 +3.570370e-03
0.547887 +3.513077e-03
0.557807 +3.443205e-03
0.568463 +3.371287e-03
0.579089 +3.312761e-03
0.588922 +3.241760e-03
0.599473 +3.170793e-03
0.609229 +3.118603e-03
0.619686 +3.052926e-03
0.630089 +3.009306e-03
0.639695 +2.954037e-03
0.649977 +2.901032e-03
0.660190 +2.844775e-03
0.669607 +2.797535e-03
0.679673 +2.746569e-03
0.689657 +2.686543e-03
0.698849 +2.645968e-03
0.708659 +2.611471e-03
0.718373 +2.555586e-03
0.727303 +2.491921e-03
0.736818 +2.443459e-03
0.746225 +2.394912e-03
0.754857 +2.336354e-03
0.764041 +2.287929e-03
0.772459 +2.241278e-03
0.781403 +2.196245e-03
0.790218 +2.148210e-03
0.798283 +2.081327e-03
0.806835 +2.042323e-03
0.815246 +1.994548e-03
0.822926 +1.946796e-03
0.831053 +1.902106e-03
0.839027 +1.845393e-03
0.846291 +1.792998e-03
0.853960 +1.741632e-03
0.861466 +1.685488e-03
0.868286 +1.626135e-03
0.875466 +1.570429e-03
0.882474 +1.518650e-03
0.888822 +1.461257e-03
0.895486 +1.406303e-03
0.901511 +1.347006e-03
0.907820 +1.293117e-03
0.913941 +1.237857e-03
0.919454 +1.180772e-03
0.925204 +1.121629e-03
0.930757 +1.071665e-03
0.935736 +1.016621e-03
0.940904 +9.546870e-04
0.945868 +9.031443e-04
0.950294 +8.481161e-04
0.954859 +7.930567e-04
0.959215 +7.461791e-04
0.963070 +6.978252e-04
0.967014 +6.449130e-04
0.970744 +6.023621e-04
0.974012 +5.507896e-04
0.977321 +5.125685e-04
0.980196 +4.786127e-04
0.983079 +4.324827e-04
0.985738 +3.955296e-04
0.988007 +3.605903e-04
0.990233 +3.269258e-04
0.992233 +2.958465e-04
0.993886 +2.658542e-04
0.995447 +2.435270e-04
0.996779 +2.159316e-04
0.997810 +2.017499e-04
0.998700 +2.060827e-04
0.999359 +2.047402e-04
0.999764 +2.583051e-04
0.999979 +1.857579e-03
# lower
0.000021 -2.726000e-03
0.000236 -1.697607e-03
0.000641 -1.396902e-03
0.001300 -1.048271e-03
0.002190 -6.062469e-04
0.003221 -3.356972e-04
0.004553 -2.184652e-05
0.006114 +2.482489e-04
0.007767 +4.552266e-04
0.009767 +8.884089e-04
0.011993 +1.296506e-03
0.014262 +1.486871e-03
0.016921 +1.953896e-03
0.019804 +2.294808e-03
0.022679 +2.474027e-03
0.025988 +2.835576e-03
0.029256 +3.050195e-03
0.032986 +3.255241e-03
0.036930 +3.452434e-03
0.040785 +3.537527e-03
0.045141 +3.720153e-03
0.049706 +3.879232e-03
0.054132 +3.985397e-03
0.059096 +4.069200e-03
0.064264 +4.157574e-03
0.069243 +4.232320e-03
0.074796 +4.257638e-03
0.080546 +4.300424e-03
0.086059 +4.341236e-03
0.092180 +4.296637e-03
0.098489 +4.308503e-03
0.104514 +7.470752e-03
0.111178 +8.070236e-03
0.117526 +8.694590e-03
0.124534 +8.478747e-03
0.131714 +8.007427e-03
0.138534 +7.545885e-03
0.146040 +7.139607e-03
0.153709 +6.732945e-03
0.160973 +6.441012e-03
0.168947 +6.232393e-03
0.177074 +5.988598e-03
0.184754 +5.815035e-03
0.193165 +5.687998e-03
0.201717 +5.588121e-03
0.209782 +5.513185e-03
0.218597 +5.453753e-03
0.227541 +5.414578e-03
0.235959 +5.391632e-03
0.245143 +5.354954e-03
0.253775 +5.342072e-03
0.263182 +5.336538e-03
0.272697 +5.352406e-03
0.281627 +5.234794e-03
0.291341 +5.341671e-03
0.301151 +5.641153e-03
0.310343 +5.531175e-03
0.320327 +5.350565e-03
0.330393 +5.313048e-03
0.339810 +5.215722e-03
0.350023 +5.112498e-03
0.360305 +5.050395e-03
0.369911 +4.953868e-03
0.380314 +4.864992e-03
0.390771 +4.744921e-03
0.400527 +4.654312e-03
0.411078 +4.575718e-03
0.420911 +4.509032e-03
0.431537 +4.422694e-03
0.442193 +4.319698e-03
0.452113 +4.246106e-03
0.462817 +4.179568e-03
0.473538 +4.105049e-03
0.483505 +4.045688e-03
0.494245 +3.980300e-03
0.504988 +3.919141e-03
0.514961 +3.874816e-03
0.525695 +3.820507e-03
0.536418 +3.760378e-03
0.546359 +3.709837e-03
0.557044 +3.660556e-03
0.567703 +3.612273e-03
0.577573 +3.572356e-03
0.588167 +3.519715e-03
0.597968 +3.465320e-03
0.608480 +3.436920e-03
0.618941 +3.380451e-03
0.628606 +3.354742e-03
0.638958 +3.320437e-03
0.649245 +3.287216e-03
0.658735 +3.246586e-03
0.668885 +3.221892e-03
0.678957 +3.188902e-03
0.688236 +3.152071e-03
0.698144 +3.130035e-03
0.707961 +3.117360e-03
0.716991 +3.077310e-03
0.726619 +3.044815e-03
0.736142 +3.009470e-03
0.744888 +2.988347e-03
0.754197 +2.950884e-03
0.762736 +2.917161e-03
0.771815 +2.891612e-03
0.780769 +2.865756e-03
0.788967 +2.838794e-03
0.797667 +2.788681e-03
0.806229 +2.775744e-03
0.814054 +2.761728e-03
0.822340 +2.729545e-03
0.830477 +2.702613e-03
0.837897 +2.674800e-03
0.845737 +2.644097e-03
0.853418 +2.614095e-03
0.860404 +2.586246e-03
0.867766 +2.548299e-03
0.874959 +2.504514e-03
0.881483 +2.492045e-03
0.888339 +2.454905e-03
0.894545 +2.417018e-03
0.901053 +2.384419e-03
0.907376 +2.351931e-03
0.913078 +2.323907e-03
0.919036 +2.275657e-03
0.924799 +2.240286e-03
0.929976 +2.204592e-03
0.935359 +2.169946e-03
0.940542 +2.126583e-03
0.945172 +2.086794e-03
0.949960 +2.042780e-03
0.954540 +1.994994e-03
0.958606 +1.957997e-03
0.962780 +1.911527e-03
0.966740 +1.864866e-03
0.970224 +1.817513e-03
0.973767 +1.767505e-03
0.976862 +1.728158e-03
0.979982 +1.683255e-03
0.982880 +1.629257e-03
0.985372 +1.580628e-03
0.987839 +1.526033e-03
0.990081 +1.483967e-03
0.991961 +1.430684e-03
0.993766 +1.398622e-03
0.995343 +1.350360e-03
0.996603 +1.317919e-03
0.997738 +1.290882e-03
0.998644 +1.284121e-03
0.999279 +1.268435e-03
0.999740 +1.318329e-03
0.999962 +1.287748e-03
