# NACA0012 Re=4.00e+05 cp vs x/c (upper block, then lower)
# upper
0.000029 -2.085797e-01
0.000260 -5.744636e-01
0.000721 -8.926885e-01
0.001356 -1.177819e+00
0.002262 -1.400049e+00
0.003397 -1.571962e+00
0.004657 -1.681020e+00
0.006234 -1.745851e+00
0.008039 -1.785793e+00
0.009919 -1.795760e+00
0.012161 -1.768869e+00
0.014628 -1.712997e+00
0.017120 -1.668028e+00
0.020018 -1.633352e+00
0.023138 -1.602227e+00
0.026233 -1.568511e+00
0.029776 -1.536444e+00
0.033260 -1.495817e+00
0.037220 -1.458627e+00
0.041394 -1.422068e+00
0.045460 -1.387483e+00
0.050040 -1.351764e+00
0.054828 -1.319098e+00
0.059458 -1.287767e+00
0.064641 -1.257613e+00
0.070024 -1.229353e+00
0.075201 -1.202379e+00
0.080964 -1.176270e+00
0.086922 -1.152301e+00
0.092624 -1.130529e+00
0.098947 -1.110677e+00
0.105455 -1.085184e+00
0.111661 -1.046875e+00
0.118517 -1.012546e+00
0.125041 -9.869712e-01
0.132234 -9.648041e-01
0.139596 -9.449299e-01
0.146582 -9.254824e-01
0.154263 -9.053491e-01
0.162103 -8.873235e-01
0.169523 -8.688197e-01
0.177660 -8.500959e-01
0.185946 -8.335325e-01
0.193771 -8.155701e-01
0.202333 -7.981316e-01
0.211033 -7.808420e-01
0.219231 -7.654868e-01
0.228185 -7.480771e-01
0.237264 -7.319537e-01
0.245803 -7.156562e-01
0.255112 -7.008553e-01
0.263858 -6.854598e-01
0.273381 -6.699806e-01
0.283009 -6.569742e-01
0.292039 -6.410598e-01
0.301856 -6.255476e-01
0.311764 -6.129563e-01
0.321043 -5.984051e-01
0.331115 -5.847972e-01
0.341265 -5.714215e-01
0.350755 -5.587625e-01
0.361042 -5.450243e-01
0.371394 -5.323005e-01
0.381059 -5.193548e-01
0.391520 -5.063827e-01
0.402032 -4.941455e-01
0.411833 -4.823270e-01
0.422427 -4.701903e-01
0.432297 -4.582786e-01
0.442956 -4.459624e-01
0.453641 -4.342876e-01
0.463582 -4.230163e-01
0.474305 -4.113424e-01
0.485039 -4.001183e-01
0.495012 -3.892882e-01
0.505755 -3.779298e-01
0.516495 -3.670603e-01
0.526462 -3.566031e-01
0.537183 -3.457224e-01
0.547887 -3.353539e-01
0.557807 -3.252040e-01
0.568463 -3.147178e-01
0.579089 -3.046207e-01
0.588922 -2.948699e-01
0.599473 -2.850848e-01
0.609229 -2.752308e-01
0.619686 -2.655464e-01
0.630089 -2.559766e-01
0.639695 -2.466221e-01
0.649977 -2.370204e-01
0.660190 -2.277558e-01
0.669607 -2.185742e-01
0.679673 -2.092692e-01
0.689657 -2.002310e-01
0.698849 -1.912702e-01
0.708659 -1.820140e-01
0.718373 -1.731571e-01
0.727303 -1.644479e-01
0.736818 -1.554097e-01
0.746225 -1.466964e-01
0.754857 -1.380431e-01
0.764041 -1.293420e-01
0.772459 -1.207895e-01
0.781403 -1.119277e-01
0.790218 -1.033474e-01
0.798283 -9.482903e-02
0.806835 -8.593217e-02
0.815246 -7.741415e-02
0.822926 -6.903217e-02
0.831053 -6.023043e-02
0.839027 -5.177601e-02
0.846291 -4.335160e-02
0.853960 -3.464637e-02
0.861466 -2.628957e-02
0.868286 -1.807932e-02
0.875466 -9.528840e-03
0.882474 -1.243095e-03
0.888822 +6.880766e-03
0.895486 +1.492510e-02
0.901511 +2.288042e-02
0.907820 +3.102178e-02
0.913941 +3.870858e-02
0.919454 +4.626591e-02
0.925204 +5.401161e-02
0.930757 +6.132412e-02
0.935736 +6.846086e-02
0.940904 +7.563643e-02
0.945868 +8.235287e-02
0.950294 +8.881273e-02
0.954859 +9.523296e-02
0.959215 +1.012278e-01
0.963070 +1.069260e-01
0.967014 +1.125851e-01
0.970744 +1.177703e-01
0.974012 +1.225782e-01
0.977321 +1.271742e-01
0.980196 +1.314396e-01
0.983079 +1.355180e-01
0.985738 +1.391623e-01
0.988007 +1.424817e-01
0.990233 +1.456109e-01
0.992233 +1.483630e-01
0.993886 +1.507393e-01
0.995447 +1.529142e-01
0.996779 +1.547267e-01
0.997810 +1.561678e-01
0.998700 +1.573628e-01
0.999359 +1.582235e-01
0.999764 +1.589010e-01
0.999979 +1.630592e-01
# lower
0.000021 +1.007558e-01
0.000236 +3.837654e-01
0.000641 +6.210359e-01
0.001300 +7.967602e-01
0.002190 +9.261378e-01
0.003221 +9.946178e-01
0.004553 +1.021625e+00
0.006114 +1.020522e+00
0.007767 +9.980143e-01
0.009767 +9.608359e-01
0.011993 +9.115345e-01
0.014262 +8.586860e-01
0.016921 +8.013386e-01
0.019804 +7.433576e-01
0.022679 +6.900890e-01
0.025988 +6.391016e-01
0.029256 +5.896405e-01
0.032986 +5.444389e-01
0.036930 +4.991135e-01
0.040785 +4.588739e-01
0.045141 +4.218176e-01
0.049706 +3.861000e-01
0.054132 +3.531724e-01
0.059096 +3.230609e-01
0.064264 +2.930008e-01
0.069243 +2.668865e-01
0.074796 +2.421134e-01
0.080546 +2.179505e-01
0.086059 +1.966193e-01
0.092180 +1.760680e-01
0.098489 +1.555108e-01
0.104514 +1.385636e-01
0.111178 +1.254372e-01
0.117526 +1.129161e-01
0.124534 +9.953481e-02
0.131714 +8.453248e-02
0.138534 +7.081252e-02
0.146040 +5.880318e-02
0.153709 +4.680436e-02
0.160973 +3.659122e-02
0.168947 +2.721933e-02
0.177074 +1.783489e-02
0.184754 +1.010252e-02
0.193165 +2.339126e-03
0.201717 -4.541305e-03
0.209782 -1.083443e-02
0.218597 -1.623030e-02
0.227541 -2.228285e-02
0.235959 -2.627592e-02
0.245143 -3.167495e-02
0.253775 -3.477117e-02
0.263182 -3.858720e-02
0.272697 -4.232809e-02
0.281627 -4.503710e-02
0.291341 -4.827292e-02
0.301151 -4.908324e-02
0.310343 -5.286091e-02
0.320327 -5.279127e-02
0.330393 -5.550970e-02
0.339810 -5.678026e-02
0.350023 -5.754517e-02
0.360305 -5.896205e-02
0.369911 -5.886289e-02
0.380314 -5.962520e-02
0.390771 -6.022840e-02
0.400527 -5.987264e-02
0.411078 -5.996129e-02
0.420911 -5.940245e-02
0.431537 -5.912881e-02
0.442193 -5.864298e-02
0.452113 -5.790803e-02
0.462817 -5.673959e-02
0.473538 -5.610893e-02
0.483505 -5.500539e-02
0.494245 -5.361302e-02
0.504988 -5.226905e-02
0.514961 -5.112213e-02
0.525695 -4.983526e-02
0.536418 -4.817228e-02
0.546359 -4.669184e-02
0.557044 -4.514895e-02
0.567703 -4.324605e-02
0.577573 -4.152939e-02
0.588167 -3.968244e-02
0.597968 -3.782382e-02
0.608480 -3.575620e-02
0.618941 -3.378487e-02
0.628606 -3.148230e-02
0.638958 -2.940905e-02
0.649245 -2.724362e-02
0.658735 -2.490738e-02
0.668885 -2.279369e-02
0.678957 -2.056773e-02
0.688236 -1.828582e-02
0.698144 -1.620559e-02
0.707961 -1.387027e-02
0.716991 -1.179842e-02
0.726619 -9.702726e-03
0.736142 -7.423511e-03
0.744888 -5.194075e-03
0.754197 -2.933508e-03
0.762736 -4.391402e-04
0.771815 +1.909683e-03
0.780769 +4.567904e-03
0.788967 +7.281136e-03
0.797667 +9.654996e-03
0.806229 +1.258305e-02
0.814054 +1.529840e-02
0.822340 +1.798860e-02
0.830477 +2.094219e-02
0.837897 +2.378370e-02
0.845737 +2.682523e-02
0.853418 +3.001766e-02
0.860404 +3.323801e-02
0.867766 +3.632017e-02
0.874959 +3.990065e-02
0.881483 +4.354238e-02
0.888339 +4.702055e-02
0.894545 +5.073944e-02
0.901053 +5.442577e-02
0.907376 +5.829207e-02
0.913078 +6.217813e-02
0.919036 +6.616995e-02
0.924799 +7.028780e-02
0.929976 +7.446692e-02
0.935359 +7.874879e-02
0.940542 +8.312218e-02
0.945172 +8.744182e-02
0.949960 +9.172168e-02
0.954540 +9.619632e-02
0.958606 +1.005742e-01
0.962780 +1.049477e-01
0.966740 +1.093803e-01
0.970224 +1.135564e-01
0.973767 +1.178577e-01
0.976862 +1.219556e-01
0.979982 +1.259854e-01
0.982880 +1.299296e-01
0.985372 +1.337786e-01
0.987839 +1.372819e-01
0.990081 +1.407760e-01
0.991961 +1.439078e-01
0.993766 +1.468207e-01
0.995343 +1.495699e-01
0.996603 +1.518945e-01
0.997738 +1.538526e-01
0.998644 +1.555172e-01
0.999279 +1.568348e-01
0.999740 +1.581275e-01
0.999962 +1.591778e-01
